7.841767345
7.684373141
7.550869775
8.892073005
7.747087213
8.029320669
9.039827638
9.619446117
7.26011068
8.251210969
7.699082114
9.030714199
7.911249387
9.110619843
9.724872299
7.950659431
9.721638752
10.36862318
5.990951617
9.512940625
9.30167446
10.38709961
8.177799383
9.472232412
9.284515762
7.943715577
9.217496848
7.841767345
7.684373141
7.550869775
8.892073005
7.747087213
8.029320669
9.039827638
9.619446117
7.26011068
8.251210969
7.699082114
9.030714199
7.911249387
9.110619843
9.724872299
7.950659431
9.721638752
10.36862318
5.990951617
9.512940625
9.30167446
10.38709961
8.177799383
9.472232412
9.284515762
7.943715577
9.217496848
7.841767345
7.684373141
7.550869775
8.892073005
7.747087213
8.029320669
9.039827638
9.619446117
7.26011068
8.251210969
7.699082114
9.030714199
7.911249387
9.110619843
9.724872299
7.950659431
9.721638752
10.36862318
5.990951617
9.512940625
9.30167446
10.38709961
8.177799383
9.472232412
9.284515762
7.943715577
9.217496848
7.841767345
7.684373141
7.550869775
8.892073005
7.747087213
8.029320669
9.039827638
9.619446117
7.26011068
8.251210969
7.699082114
9.030714199
7.911249387
9.110619843
9.724872299
7.950659431
9.721638752
10.36862318
5.990951617
9.512940625
9.30167446
10.38709961
8.177799383
9.472232412
9.284515762
7.943715577
9.217496848
7.841767345
7.684373141
7.550869775
8.892073005
7.747087213
8.029320669
9.039827638
9.619446117
7.26011068
8.251210969
7.699082114
9.030714199
7.911249387
9.110619843
9.724872299
7.950659431
9.721638752
10.36862318
5.990951617
9.512940625
9.30167446
10.38709961
8.177799383
9.472232412
9.284515762
7.943715577
9.217496848
7.841767345
7.684373141
7.550869775
8.892073005
7.747087213
8.029320669
9.039827638
9.619446117
7.26011068
8.251210969
7.699082114
9.030714199
7.911249387
9.110619843
9.724872299
7.950659431
9.721638752
10.36862318
5.990951617
9.512940625
9.30167446
10.38709961
8.177799383
9.472232412
9.284515762
7.943715577
9.217496848
7.841767345
7.684373141
7.550869775
8.892073005
7.747087213
8.029320669
9.039827638
9.619446117
7.26011068
8.251210969
7.699082114
9.030714199
7.911249387
9.110619843
9.724872299
7.950659431
9.721638752
10.36862318
5.990951617
9.512940625
9.30167446
10.38709961
8.177799383
9.472232412
9.284515762
7.943715577
9.217496848
7.841767345
7.684373141
7.550869775
8.892073005
7.747087213
8.029320669
9.039827638
9.619446117
7.26011068
8.251210969
7.699082114
9.030714199
7.911249387
9.110619843
9.724872299
7.950659431
9.721638752
10.36862318
5.990951617
9.512940625
9.30167446
10.38709961
8.177799383
9.472232412
9.284515762
7.943715577
9.217496848
7.841767345
7.684373141
7.550869775
8.892073005
7.747087213
8.029320669
9.039827638
9.619446117
7.26011068
8.251210969
7.699082114
9.030714199
7.911249387
9.110619843
9.724872299
7.950659431
9.721638752
10.36862318
5.990951617
9.512940625
9.30167446
10.38709961
8.177799383
9.472232412
9.284515762
7.943715577
9.217496848
7.841767345
7.684373141
7.550869775
8.892073005
7.747087213
8.029320669
9.039827638
9.619446117
7.26011068
8.251210969
7.699082114
9.030714199
7.911249387
9.110619843
9.724872299
7.950659431
9.721638752
10.36862318
5.990951617
9.512940625
9.30167446
10.38709961
8.177799383
9.472232412
9.284515762
7.943715577
9.217496848
7.841767345
7.684373141
7.550869775
8.892073005
7.747087213
8.029320669
9.039827638
9.619446117
7.26011068
8.251210969
7.699082114
9.030714199
7.911249387
9.110619843
9.724872299
7.950659431
9.721638752
10.36862318
5.990951617
9.512940625
9.30167446
10.38709961
8.177799383
9.472232412
9.284515762
7.943715577
9.217496848
7.841767345
7.684373141
7.550869775
8.892073005
7.747087213
8.029320669
9.039827638
9.619446117
7.26011068
8.251210969
7.699082114
9.030714199
7.911249387
9.110619843
9.724872299
7.950659431
9.721638752
10.36862318
5.990951617
9.512940625
9.30167446
10.38709961
8.177799383
9.472232412
9.284515762
7.943715577
9.217496848
7.841767345
7.684373141
7.550869775
8.892073005
7.747087213
8.029320669
9.039827638
9.619446117
7.26011068
8.251210969
7.699082114
9.030714199
7.911249387
9.110619843
9.724872299
7.950659431
9.721638752
10.36862318
5.990951617
9.512940625
9.30167446
10.38709961
8.177799383
9.472232412
9.284515762
7.943715577
9.217496848
7.841767345
7.684373141
7.550869775
8.892073005
7.747087213
8.029320669
9.039827638
9.619446117
7.26011068
8.251210969
7.699082114
9.030714199
7.911249387
9.110619843
9.724872299
7.950659431
9.721638752
10.36862318
5.990951617
9.512940625
9.30167446
10.38709961
8.177799383
9.472232412
9.284515762
7.943715577
9.217496848
7.841767345
7.684373141
7.550869775
8.892073005
7.747087213
8.029320669
9.039827638
9.619446117
7.26011068
8.251210969
7.699082114
9.030714199
7.911249387
9.110619843
9.724872299
7.950659431
9.721638752
10.36862318
5.990951617
9.512940625
9.30167446
10.38709961
8.177799383
9.472232412
9.284515762
7.943715577
9.217496848
7.841767345
7.684373141
7.550869775
8.892073005
7.747087213
8.029320669
9.039827638
9.619446117
7.26011068
8.251210969
7.699082114
9.030714199
7.911249387
9.110619843
9.724872299
7.950659431
9.721638752
10.36862318
5.990951617
9.512940625
9.30167446
10.38709961
8.177799383
9.472232412
9.284515762
7.943715577
9.217496848
7.841767345
7.684373141
7.550869775
8.892073005
7.747087213
8.029320669
9.039827638
9.619446117
7.26011068
8.251210969
7.699082114
9.030714199
7.911249387
9.110619843
9.724872299
7.950659431
9.721638752
10.36862318
5.990951617
9.512940625
9.30167446
10.38709961
8.177799383
9.472232412
9.284515762
7.943715577
9.217496848
7.841767345
7.684373141
7.550869775
8.892073005
7.747087213
8.029320669
9.039827638
9.619446117
7.26011068
8.251210969
7.699082114
9.030714199
7.911249387
9.110619843
9.724872299
7.950659431
9.721638752
10.36862318
5.990951617
9.512940625
9.30167446
10.38709961
8.177799383
9.472232412
9.284515762
7.943715577
9.217496848
7.841767345
7.684373141
7.550869775
8.892073005
7.747087213
8.029320669
9.039827638
9.619446117
7.26011068
8.251210969
7.699082114
9.030714199
7.911249387
9.110619843
9.724872299
7.950659431
9.721638752
10.36862318
5.990951617
9.512940625
9.30167446
10.38709961
8.177799383
9.472232412
9.284515762
7.943715577
9.217496848
7.841767345
7.684373141
7.550869775
8.892073005
7.747087213
8.029320669
9.039827638
9.619446117
7.26011068
8.251210969
7.699082114
9.030714199
7.911249387
9.110619843
9.724872299
7.950659431
9.721638752
10.36862318
5.990951617
9.512940625
9.30167446
10.38709961
8.177799383
9.472232412
9.284515762
7.943715577
9.217496848
7.841767345
7.684373141
7.550869775
8.892073005
7.747087213
8.029320669
9.039827638
9.619446117
7.26011068
8.251210969
7.699082114
9.030714199
7.911249387
9.110619843
9.724872299
7.950659431
9.721638752
10.36862318
5.990951617
9.512940625
9.30167446
10.38709961
8.177799383
9.472232412
9.284515762
7.943715577
9.217496848
7.841767345
7.684373141
7.550869775
8.892073005
7.747087213
8.029320669
9.039827638
9.619446117
7.26011068
8.251210969
7.699082114
9.030714199
7.911249387
9.110619843
9.724872299
7.950659431
9.721638752
10.36862318
5.990951617
9.512940625
9.30167446
10.38709961
8.177799383
9.472232412
9.284515762
7.943715577
9.217496848
7.841767345
7.684373141
7.550869775
8.892073005
7.747087213
8.029320669
9.039827638
9.619446117
7.26011068
8.251210969
7.699082114
9.030714199
7.911249387
9.110619843
9.724872299
7.950659431
9.721638752
10.36862318
5.990951617
9.512940625
9.30167446
10.38709961
8.177799383
9.472232412
9.284515762
7.943715577
9.217496848
7.841767345
7.684373141
7.550869775
8.892073005
7.747087213
8.029320669
9.039827638
9.619446117
7.26011068
8.251210969
7.699082114
9.030714199
7.911249387
9.110619843
9.724872299
7.950659431
9.721638752
10.36862318
5.990951617
9.512940625
9.30167446
10.38709961
8.177799383
9.472232412
9.284515762
7.943715577
9.217496848
7.841767345
7.684373141
7.550869775
8.892073005
7.747087213
8.029320669
9.039827638
9.619446117
7.26011068
8.251210969
7.699082114
9.030714199
7.911249387
9.110619843
9.724872299
7.950659431
9.721638752
10.36862318
5.990951617
9.512940625
9.30167446
10.38709961
8.177799383
9.472232412
9.284515762
7.943715577
9.217496848
7.841767345
7.684373141
7.550869775
8.892073005
7.747087213
8.029320669
9.039827638
9.619446117
7.26011068
8.251210969
7.699082114
9.030714199
7.911249387
9.110619843
9.724872299
7.950659431
9.721638752
10.36862318
5.990951617
9.512940625
9.30167446
10.38709961
8.177799383
9.472232412
9.284515762
7.943715577
9.217496848
7.841767345
7.684373141
7.550869775
8.892073005
7.747087213
8.029320669
9.039827638
9.619446117
7.26011068
8.251210969
7.699082114
9.030714199
7.911249387
9.110619843
9.724872299
7.950659431
9.721638752
10.36862318
5.990951617
9.512940625
9.30167446
10.38709961
8.177799383
9.472232412
9.284515762
7.943715577
9.217496848
7.841767345
7.684373141
7.550869775
8.892073005
7.747087213
8.029320669
9.039827638
9.619446117
7.26011068
8.251210969
7.699082114
9.030714199
7.911249387
9.110619843
9.724872299
7.950659431
9.721638752
10.36862318
5.990951617
9.512940625
9.30167446
10.38709961
8.177799383
9.472232412
9.284515762
7.943715577
9.217496848
7.841767345
7.684373141
7.550869775
8.892073005
7.747087213
8.029320669
9.039827638
9.619446117
7.26011068
8.251210969
7.699082114
9.030714199
7.911249387
9.110619843
9.724872299
7.950659431
9.721638752
10.36862318
5.990951617
9.512940625
9.30167446
10.38709961
8.177799383
9.472232412
9.284515762
7.943715577
9.217496848
7.841767345
7.684373141
7.550869775
8.892073005
7.747087213
8.029320669
9.039827638
9.619446117
7.26011068
8.251210969
7.699082114
9.030714199
7.911249387
9.110619843
9.724872299
7.950659431
9.721638752
10.36862318
5.990951617
9.512940625
9.30167446
10.38709961
8.177799383
9.472232412
9.284515762
7.943715577
9.217496848
7.841767345
7.684373141
7.550869775
8.892073005
7.747087213
8.029320669
9.039827638
9.619446117
7.26011068
8.251210969
7.699082114
9.030714199
7.911249387
9.110619843
9.724872299
7.950659431
9.721638752
10.36862318
5.990951617
9.512940625
9.30167446
10.38709961
8.177799383
9.472232412
9.284515762
7.943715577
9.217496848
7.841767345
7.684373141
7.550869775
8.892073005
7.747087213
8.029320669
9.039827638
9.619446117
7.26011068
8.251210969
7.699082114
9.030714199
7.911249387
9.110619843
9.724872299
7.950659431
9.721638752
10.36862318
5.990951617
9.512940625
9.30167446
10.38709961
8.177799383
9.472232412
9.284515762
7.943715577
9.217496848
7.841767345
7.684373141
7.550869775
8.892073005
7.747087213
8.029320669
9.039827638
9.619446117
7.26011068
8.251210969
7.699082114
9.030714199
7.911249387
9.110619843
9.724872299
7.950659431
9.721638752
10.36862318
5.990951617
9.512940625
9.30167446
10.38709961
8.177799383
9.472232412
9.284515762
7.943715577
9.217496848
7.841767345
7.684373141
7.550869775
8.892073005
7.747087213
8.029320669
9.039827638
9.619446117
7.26011068
8.251210969
7.699082114
9.030714199
7.911249387
9.110619843
9.724872299
7.950659431
9.721638752
10.36862318
5.990951617
9.512940625
9.30167446
10.38709961
8.177799383
9.472232412
9.284515762
7.943715577
9.217496848
7.841767345
7.684373141
7.550869775
8.892073005
7.747087213
8.029320669
9.039827638
9.619446117
7.26011068
8.251210969
7.699082114
9.030714199
7.911249387
9.110619843
9.724872299
7.950659431
9.721638752
10.36862318
5.990951617
9.512940625
9.30167446
10.38709961
8.177799383
9.472232412
9.284515762
7.943715577
9.217496848
7.841767345
7.684373141
7.550869775
8.892073005
7.747087213
8.029320669
9.039827638
9.619446117
7.26011068
8.251210969
7.699082114
9.030714199
7.911249387
9.110619843
9.724872299
7.950659431
9.721638752
10.36862318
5.990951617
9.512940625
9.30167446
10.38709961
8.177799383
9.472232412
9.284515762
7.943715577
9.217496848
7.841767345
7.684373141
7.550869775
8.892073005
7.747087213
8.029320669
9.039827638
9.619446117
7.26011068
8.251210969
7.699082114
9.030714199
7.911249387
9.110619843
9.724872299
7.950659431
9.721638752
10.36862318
5.990951617
9.512940625
9.30167446
10.38709961
8.177799383
9.472232412
9.284515762
7.943715577
9.217496848
7.841767345
7.684373141
7.550869775
8.892073005
7.747087213
8.029320669
9.039827638
9.619446117
7.26011068
8.251210969
7.699082114
9.030714199
7.911249387
9.110619843
9.724872299
7.950659431
9.721638752
10.36862318
5.990951617
9.512940625
9.30167446
10.38709961
8.177799383
9.472232412
9.284515762
7.943715577
9.217496848
7.841767345
7.684373141
7.550869775
8.892073005
7.747087213
8.029320669
9.039827638
9.619446117
7.26011068
8.251210969
7.699082114
9.030714199
7.911249387
9.110619843
9.724872299
7.950659431
9.721638752
10.36862318
5.990951617
9.512940625
9.30167446
10.38709961
8.177799383
9.472232412
9.284515762
7.943715577
9.217496848
7.841767345
7.684373141
7.550869775
8.892073005
7.747087213
8.029320669
9.039827638
9.619446117
7.26011068
8.251210969
7.699082114
9.030714199
7.911249387
9.110619843
9.724872299
7.950659431
9.721638752
10.36862318
5.990951617
9.512940625
9.30167446
10.38709961
8.177799383
9.472232412
9.284515762
7.943715577
9.217496848
7.841767345
7.684373141
7.550869775
8.892073005
7.747087213
8.029320669
9.039827638
9.619446117
7.26011068
8.251210969
7.699082114
9.030714199
7.911249387
9.110619843
9.724872299
7.950659431
9.721638752
10.36862318
5.990951617
9.512940625
9.30167446
10.38709961
8.177799383
9.472232412
9.284515762
7.943715577
9.217496848
7.841767345
7.684373141
7.550869775
8.892073005
7.747087213
8.029320669
9.039827638
9.619446117
7.26011068
8.251210969
7.699082114
9.030714199
7.911249387
9.110619843
9.724872299
7.950659431
9.721638752
10.36862318
5.990951617
9.512940625
9.30167446
10.38709961
8.177799383
9.472232412
9.284515762
7.943715577
9.217496848
7.841767345
7.684373141
7.550869775
8.892073005
7.747087213
8.029320669
9.039827638
9.619446117
7.26011068
8.251210969
7.699082114
9.030714199
7.911249387
9.110619843
9.724872299
7.950659431
9.721638752
10.36862318
5.990951617
9.512940625
9.30167446
10.38709961
8.177799383
9.472232412
9.284515762
7.943715577
9.217496848
7.841767345
7.684373141
7.550869775
8.892073005
7.747087213
8.029320669
9.039827638
9.619446117
7.26011068
8.251210969
7.699082114
9.030714199
7.911249387
9.110619843
9.724872299
7.950659431
9.721638752
10.36862318
5.990951617
9.512940625
9.30167446
10.38709961
8.177799383
9.472232412
9.284515762
7.943715577
9.217496848
7.841767345
7.684373141
7.550869775
8.892073005
7.747087213
8.029320669
9.039827638
9.619446117
7.26011068
8.251210969
7.699082114
9.030714199
7.911249387
9.110619843
9.724872299
7.950659431
9.721638752
10.36862318
5.990951617
9.512940625
9.30167446
10.38709961
8.177799383
9.472232412
9.284515762
7.943715577
9.217496848
7.841767345
7.684373141
7.550869775
8.892073005
7.747087213
8.029320669
9.039827638
9.619446117
7.26011068
8.251210969
7.699082114
9.030714199
7.911249387
9.110619843
9.724872299
7.950659431
9.721638752
10.36862318
5.990951617
9.512940625
9.30167446
10.38709961
8.177799383
9.472232412
9.284515762
7.943715577
9.217496848
7.841767345
7.684373141
7.550869775
8.892073005
7.747087213
8.029320669
9.039827638
9.619446117
7.26011068
8.251210969
7.699082114
9.030714199
7.911249387
9.110619843
9.724872299
7.950659431
9.721638752
10.36862318
5.990951617
9.512940625
9.30167446
10.38709961
8.177799383
9.472232412
9.284515762
7.943715577
9.217496848
7.841767345
7.684373141
7.550869775
8.892073005
7.747087213
8.029320669
9.039827638
9.619446117
7.26011068
8.251210969
7.699082114
9.030714199
7.911249387
9.110619843
9.724872299
7.950659431
9.721638752
10.36862318
5.990951617
9.512940625
9.30167446
10.38709961
8.177799383
9.472232412
9.284515762
7.943715577
9.217496848
7.841767345
7.684373141
7.550869775
8.892073005
7.747087213
8.029320669
9.039827638
9.619446117
7.26011068
8.251210969
7.699082114
9.030714199
7.911249387
9.110619843
9.724872299
7.950659431
9.721638752
10.36862318
5.990951617
9.512940625
9.30167446
10.38709961
8.177799383
9.472232412
9.284515762
7.943715577
9.217496848
7.841767345
7.684373141
7.550869775
8.892073005
7.747087213
8.029320669
9.039827638
9.619446117
7.26011068
8.251210969
7.699082114
9.030714199
7.911249387
9.110619843
9.724872299
7.950659431
9.721638752
10.36862318
5.990951617
9.512940625
9.30167446
10.38709961
8.177799383
9.472232412
9.284515762
7.943715577
9.217496848
